1511546596.0321
1511546596.2849
1511546596.7094
1511546596.8175
1511546597.3677
1511546599.521
1511546600.2296
1511546600.382
1511546600.5341
1511546600.5271
1511546601.2607
1511546601.327
1511546601.5618
1511546602.113
1511546602.8008
1511546603.7985
1511546604.5589
1511546604.9303
1511546605.0982
1511546605.7009
1511546606.6726
1511546606.854
1511546608.157
1511546608.7829
1511546609.1028
1511546610.0144
1511546610.6287
1511546610.8756
1511546612.4374
1511546613.9832
1511546614.2397
1511546616.0618
1511546616.222
1511546616.2773
1511546616.3817
1511546617.1537
1511546618.3368
1511546619.7723
1511546620.8956
1511546621.0222
1511546621.0452
1511546621.7124
1511546621.9466
1511546621.9736
1511546622.0499
1511546622.1859
1511546622.841
1511546623.0643
1511546623.6567
1511546623.7611
1511546624.0712
1511546624.5383
1511546625.3182
1511546625.3835
1511546626.8136
1511546627.1871
1511546627.2961
1511546627.3951
1511546627.4791
1511546628.1235
1511546628.3306
1511546628.8108
1511546628.8677
1511546628.894
1511546629.2475
1511546629.4929
1511546629.9722
1511546629.9525
1511546630.1858
1511546630.5651
1511546630.6585
1511546631.165
1511546634.4947
1511546634.5353
1511546634.6965
1511546635.2126
1511546635.5143
1511546636.0749
1511546637.4059
1511546637.4189
1511546637.9918
1511546640.4594
1511546640.7159
1511546640.8933
1511546641.4576
1511546641.4482
1511546644.6638
1511546645.1635
1511546645.5155
1511546646.541
1511546646.9744
1511546648.8605
1511546649.4736
1511546649.5378
1511546650.1764
1511546651.799
1511546652.8065
1511546654.4826
1511546654.5901
1511546654.8236
1511546655.552
1511546655.8183
1511546656.0522
1511546656.11
1511546656.3443
1511546656.7916
1511546656.8919
1511546657.2407
1511546658.4231
1511546658.5278
1511546658.5519
1511546658.9958
1511546659.8378
1511546659.8966
1511546660.1745
1511546660.1906
1511546661.2961
1511546661.4876
1511546661.7379
1511546661.8668
1511546662.1208
1511546662.1924
1511546664.1144
1511546664.6362
1511546665.2338
1511546665.4033
1511546665.4772
1511546666.1897
1511546666.4327
1511546667.551
1511546667.8486
1511546668.1428
1511546668.8315
1511546669.7482
1511546669.8657
1511546671.6413
1511546672.1861
1511546672.2442
1511546673.0088
1511546673.1051
1511546673.2975
1511546674.2049
1511546674.3032
1511546674.717
1511546674.8904
1511546675.0024
1511546675.5597
1511546675.5773
1511546676.0953
1511546677.0463
1511546677.9224
1511546677.8986
1511546678.0539
1511546678.4347
1511546678.5672
1511546678.6161
1511546678.6451
1511546679.1099
1511546679.1163
1511546679.4247
1511546680.0168
1511546680.8058
1511546681.2115
1511546681.3035
1511546681.9992
1511546682.1584
1511546682.4675
1511546682.7387
1511546682.9864
1511546683.3711
1511546683.8233
1511546685.1299
1511546686.0418
1511546686.5163
1511546686.6569
1511546686.8507
1511546688.3621
1511546690.2877
1511546690.7723
1511546691.0523
1511546691.1043
1511546691.2162
1511546691.4427
1511546691.5281
1511546691.6161
1511546691.7608
1511546692.2115
1511546692.3727
1511546694.1989
1511546694.5341
1511546696.0992
1511546696.5047
1511546696.5669
1511546697.3116
1511546697.4007
1511546697.7855
1511546697.8452
1511546698.3574
1511546698.3606
1511546698.4269
1511546699.0259
1511546699.3041
1511546699.5995
1511546699.9127
1511546700.0276
1511546700.9774
1511546701.8235
1511546701.8422
1511546702.3289
1511546702.2993
1511546702.7251
1511546703.0874
1511546703.7612
1511546704.9774
1511546705.0159
1511546705.2292
1511546705.3377
1511546706.4688
1511546706.6401
1511546707.0721
1511546707.2165
1511546707.6855
1511546708.4467
1511546709.1627
1511546709.5587
1511546710.125
1511546710.3325
1511546710.3865
1511546711.0725
1511546711.8982
1511546713.229
1511546713.4147
1511546713.5479
1511546713.7778
1511546715.1735
1511546715.5707
1511546715.8638
1511546716.1747
1511546717.1278
1511546717.1545
1511546717.3444
1511546718.446
1511546718.524
1511546719.074
1511546720.2281
1511546720.379
1511546720.3858
1511546720.6714
1511546721.0423
1511546721.2211
1511546721.8779
1511546722.1292
1511546722.2868
1511546722.5537
1511546722.7803
1511546725.1663
1511546725.3386
1511546726.5453
1511546727.3152
1511546727.3059
1511546727.4965
1511546728.2178
1511546728.423
1511546728.4186
1511546728.9458
1511546729.0564
1511546729.2689
1511546729.4
1511546730.278
1511546731.8849
1511546731.9137
1511546732.4473
1511546732.8664
1511546732.961
1511546733.2764
1511546733.3257
1511546734.6322
1511546734.7124
1511546736.5021
1511546737.4422
1511546737.481
1511546737.9253
1511546738.2263
1511546738.4476
1511546739.0057
1511546739.3785
1511546739.6885
1511546740.4381
1511546741.654
1511546742.315
1511546742.9596
1511546744.0886
1511546744.9541
1511546745.4744
1511546746.6872
1511546746.8156
1511546746.91
1511546748.5374
1511546748.7546
1511546749.9123
1511546750.1665
1511546750.2743
1511546750.6193
1511546750.8299
1511546752.0894
1511546753.0013
1511546753.055
1511546753.1368
1511546753.2765
1511546754.3194
1511546754.4937
1511546755.0324
1511546755.1385
1511546755.3598
1511546756.0261
1511546756.1013
1511546756.8687
1511546757.8108
1511546758.4803
1511546759.8618
1511546759.8448
1511546761.634
1511546761.7831
1511546762.0424
1511546762.4338
1511546762.5518
1511546763.3913
1511546763.5387
1511546763.8454
1511546764.0178
1511546765.5666
1511546766.1903
1511546766.1919
1511546767.1449
1511546767.4813
1511546767.8059
1511546768.4926
1511546769.2202
1511546769.2466
1511546769.3341
1511546769.952
1511546770.1121
1511546770.1363
1511546770.1594
1511546772.0833
1511546774.6055
1511546776.0357
1511546776.437
1511546776.7063
1511546777.327
1511546778.0951
1511546778.0738
1511546778.5297
1511546778.753
1511546779.2819
1511546779.5013
1511546780.0737
1511546780.3635
1511546780.3367
1511546780.6074
1511546780.6084
1511546780.9012
1511546780.9309
1511546781.9847
1511546782.2264
1511546782.4922
1511546782.6754
1511546783.5296
1511546785.4589
1511546785.7833
1511546786.8235
1511546787.3464
1511546788.9992
1511546789.2027
1511546790.1682
1511546790.5922
1511546790.7713
1511546790.7353
1511546792.3273
1511546792.6551
1511546792.8786
1511546793.0374
1511546793.4072
1511546793.7389
1511546793.7452
1511546793.8489
1511546793.9065
1511546794.0254
1511546794.1586
1511546796.1589
1511546797.6738
1511546797.9653
1511546798.7019
1511546798.8561
1511546799.8337
1511546800.6976
1511546800.7253
1511546800.7342
1511546801.6353
1511546802.9184
1511546803.5324
1511546803.7189
1511546805.8515
1511546806.5126
1511546806.8038
1511546807.3017
1511546807.8918
1511546808.0276
1511546808.2604
1511546808.6891
1511546808.7097
1511546808.8141
1511546809.7291
1511546810.3646
1511546810.4658
1511546811.5446
1511546811.6992
1511546812.1576
1511546812.8313
1511546813.1808
1511546814.0863
1511546814.128
1511546814.8091
1511546816.3753
1511546817.0374
1511546817.5164
1511546819.5019
1511546819.9441
1511546820.5739
1511546820.7087
1511546821.0595
1511546823.018
1511546823.1519
1511546824.1465
1511546824.189
1511546824.5111
1511546824.6089
1511546824.8895
1511546825.1779
1511546825.5635
1511546827.3735
1511546829.1187
1511546829.634
1511546831.101
1511546832.4117
1511546832.7652
1511546833.2136
1511546833.6655
1511546833.9292
1511546833.9879
1511546833.9904
1511546834.2376
1511546835.3325
1511546835.8024
1511546837.0265
1511546837.0503
1511546837.5612
1511546837.7105
1511546839.0136
1511546839.1741
1511546839.4533
1511546840.5797
1511546840.6668
1511546840.8975
1511546840.9831
1511546841.239
1511546842.2408
1511546842.4168
1511546842.8713
1511546843.682
1511546845.3069
1511546848.4706
1511546848.6612
1511546848.6511
1511546848.7067
1511546849.1177
1511546849.7803
1511546850.3303
1511546850.4933
1511546850.7404
1511546851.0454
1511546851.5673
1511546851.7567
1511546852.3333
1511546852.5412
1511546852.6242
1511546852.9328
1511546853.0491
1511546854.0699
1511546854.5922
1511546855.4254
1511546855.6391
1511546856.1468
1511546856.2054
1511546856.3566
1511546857.7824
1511546858.4739
1511546859.4059
1511546860.5977
1511546860.587
1511546860.8207
1511546861.8524
1511546862.1962
1511546862.2021
1511546862.4298
1511546862.4685
1511546863.2748
1511546863.4135
1511546863.7389
1511546864.0401
1511546864.2274
1511546864.4084
1511546864.4583
1511546865.9208
1511546866.7944
1511546867.0421
1511546869.5777
1511546869.7057
1511546870.1692
1511546870.9838
1511546871.3915
1511546871.9417
1511546872.3103
1511546872.652
1511546873.2434
1511546874.0794
1511546875.6307
1511546875.8693
1511546876.0928
1511546876.9015
1511546876.9198
1511546877.1665
1511546877.6821
1511546878.3008
1511546878.5355
1511546878.8564
1511546878.9773
1511546879.2874
1511546879.3101
1511546880.6559
1511546881.0011
1511546882.9489
1511546883.5327
1511546884.0359
1511546884.6185
1511546884.7631
1511546885.0798
1511546885.3442
1511546885.7384
1511546886.0882
1511546886.6048
1511546887.2792
1511546887.5143
1511546887.7006
1511546887.8178
1511546888.935
1511546889.3945
1511546890.1968
1511546890.2098
1511546890.5662
1511546892.1145
1511546892.899
1511546893.9618
1511546894.2633
1511546894.5018
1511546894.7485
1511546894.8559
1511546894.9281
1511546894.9311
1511546895.119
1511546895.2471
1511546896.8689
